17
4
0 8.58
9.75 8.58
9.75 0
0 0
32
0.42 0.69
0.44 0.71
0.56 0.71
0.56 0.72
0.74 0.72
0.74 0.74
0.9 0.74
0.9 0.75
1.08 0.75
1.08 0.77
1.17 0.77
1.19 0.75
1.19 0.62
1.2 0.62
1.2 0.41
1.22 0.41
1.22 0.3
1.2 0.29
1.17 0.29
1.17 0.27
0.98 0.27
0.98 0.26
0.69 0.26
0.69 0.24
0.54 0.24
0.54 0.23
0.47 0.23
0.45 0.24
0.45 0.38
0.44 0.38
0.44 0.59
0.42 0.59
71
0.57 3.05
0.59 3.05
0.59 3.17
0.6 3.17
0.6 3.3
0.62 3.3
0.62 3.44
0.63 3.44
0.63 3.57
0.65 3.57
0.65 3.66
0.66 3.68
0.69 3.68
0.69 3.66
0.8 3.66
0.8 3.65
0.89 3.65
0.89 3.63
0.98 3.63
0.98 3.62
1.08 3.62
1.08 3.6
1.17 3.6
1.17 3.59
1.28 3.59
1.28 3.57
1.37 3.57
1.37 3.56
1.46 3.56
1.46 3.54
1.56 3.54
1.56 3.53
1.65 3.53
1.65 3.51
1.7 3.51
1.71 3.5
1.71 3.44
1.7 3.44
1.7 3.32
1.68 3.32
1.68 3.21
1.67 3.21
1.67 3.11
1.65 3.11
1.65 3
1.64 3
1.64 2.9
1.62 2.9
1.62 2.82
1.61 2.81
1.58 2.81
1.58 2.82
1.52 2.82
1.52 2.84
1.4 2.84
1.4 2.85
1.28 2.85
1.28 2.87
1.16 2.87
1.16 2.88
1.04 2.88
1.04 2.9
0.92 2.9
0.92 2.91
0.8 2.91
0.8 2.93
0.68 2.93
0.68 2.94
0.6 2.94
0.59 2.96
0.57 2.97
4
0.81 5.42
1.37 5.42
1.37 4.59
0.81 4.59
114
1.23 3.78
1.25 3.78
1.25 3.87
1.26 3.87
1.26 3.95
1.28 3.95
1.28 4.04
1.29 4.04
1.29 4.11
1.31 4.11
1.31 4.19
1.32 4.19
1.32 4.28
1.34 4.28
1.34 4.35
1.35 4.35
1.35 4.43
1.37 4.43
1.37 4.46
1.41 4.46
1.41 4.44
1.5 4.44
1.5 4.43
1.59 4.43
1.59 4.41
1.67 4.41
1.67 4.4
1.76 4.4
1.76 4.38
1.83 4.38
1.83 4.37
1.92 4.37
1.92 4.35
2 4.35
2 4.34
2.09 4.34
2.09 4.32
2.16 4.32
2.16 4.31
2.25 4.31
2.25 4.29
2.34 4.29
2.34 4.28
2.42 4.28
2.42 4.26
2.51 4.26
2.51 4.25
2.58 4.25
2.58 4.23
2.67 4.23
2.67 4.22
2.75 4.22
2.75 4.2
2.84 4.2
2.84 4.19
2.93 4.19
2.93 4.17
3 4.17
3 4.16
3.03 4.16
3.03 4.11
3.02 4.11
3.02 4.02
3 4.02
3 3.95
2.99 3.95
2.99 3.87
2.97 3.87
2.97 3.8
2.96 3.8
2.96 3.72
2.94 3.72
2.94 3.63
2.93 3.63
2.93 3.56
2.91 3.56
2.91 3.48
2.88 3.48
2.88 3.5
2.81 3.5
2.81 3.51
2.7 3.51
2.7 3.53
2.63 3.53
2.63 3.54
2.51 3.54
2.51 3.56
2.43 3.56
2.43 3.57
2.33 3.57
2.33 3.59
2.24 3.59
2.24 3.6
2.13 3.6
2.13 3.62
2.06 3.62
2.06 3.63
1.95 3.63
1.95 3.65
1.86 3.65
1.86 3.66
1.76 3.66
1.76 3.68
1.67 3.68
1.67 3.69
1.56 3.69
1.56 3.71
1.47 3.71
1.47 3.72
1.38 3.72
1.38 3.74
1.28 3.74
1.28 3.75
1.23 3.75
92
1.26 2.21
1.28 2.21
1.28 2.24
1.37 2.24
1.37 2.25
1.5 2.25
1.5 2.27
1.64 2.27
1.64 2.28
1.79 2.28
1.79 2.3
1.92 2.3
1.92 2.31
2.07 2.31
2.07 2.33
2.21 2.33
2.21 2.34
2.34 2.34
2.34 2.36
2.48 2.36
2.48 2.3
2.49 2.3
2.49 2.18
2.51 2.18
2.51 2.04
2.52 2.04
2.52 1.91
2.54 1.91
2.54 1.79
2.55 1.79
2.55 1.65
2.57 1.65
2.57 1.53
2.58 1.53
2.58 1.4
2.6 1.4
2.6 1.28
2.61 1.28
2.61 1.14
2.63 1.14
2.63 1.01
2.64 1.01
2.64 0.89
2.66 0.89
2.66 0.75
2.67 0.75
2.67 0.63
2.69 0.63
2.69 0.5
2.7 0.5
2.7 0.41
2.61 0.41
2.61 0.39
2.45 0.39
2.45 0.38
2.22 0.38
2.22 0.36
2.06 0.36
2.06 0.35
1.86 0.35
1.86 0.33
1.71 0.33
1.71 0.32
1.49 0.32
1.49 0.3
1.46 0.3
1.46 0.38
1.44 0.38
1.44 0.51
1.43 0.51
1.43 0.66
1.41 0.66
1.41 0.81
1.4 0.81
1.4 0.96
1.38 0.96
1.38 1.11
1.37 1.11
1.37 1.26
1.35 1.26
1.35 1.4
1.34 1.4
1.34 1.55
1.32 1.55
1.32 1.7
1.31 1.7
1.31 1.85
1.29 1.85
1.29 1.97
1.28 1.97
1.28 2.1
1.26 2.1
2
1.62 7.7
1.64 7.7
91
1.89 4.94
1.91 4.94
1.91 5
1.92 5
1.92 5.07
1.94 5.07
1.94 5.13
1.95 5.13
1.95 5.19
1.97 5.19
1.97 5.25
1.98 5.25
1.98 5.33
2 5.33
2 5.39
2.06 5.39
2.06 5.37
2.12 5.37
2.12 5.36
2.19 5.36
2.19 5.34
2.25 5.34
2.25 5.33
2.33 5.33
2.33 5.31
2.4 5.31
2.4 5.3
2.46 5.3
2.46 5.28
2.54 5.28
2.54 5.27
2.6 5.27
2.6 5.25
2.67 5.25
2.67 5.24
2.73 5.24
2.73 5.22
2.81 5.22
2.81 5.21
2.88 5.21
2.88 5.19
2.94 5.19
2.94 5.18
3.02 5.18
3.02 5.16
3.05 5.16
3.05 5.13
3.05 5.04
3.03 5.04
3.03 4.97
3.02 4.97
3.02 4.88
3 4.88
3 4.8
2.99 4.8
2.99 4.73
2.97 4.73
2.97 4.67
2.94 4.67
2.94 4.68
2.88 4.68
2.88 4.7
2.81 4.7
2.81 4.71
2.75 4.71
2.75 4.73
2.67 4.73
2.67 4.74
2.61 4.74
2.61 4.76
2.54 4.76
2.54 4.77
2.48 4.77
2.48 4.79
2.4 4.79
2.4 4.8
2.34 4.8
2.34 4.82
2.27 4.82
2.27 4.83
2.21 4.83
2.21 4.85
2.13 4.85
2.13 4.86
2.07 4.86
2.07 4.88
2 4.88
2 4.89
1.94 4.89
1.94 4.91
1.89 4.91
25
2.87 0.89
2.88 0.9
3.09 0.9
3.09 0.92
3.3 0.92
3.3 0.93
3.36 0.93
3.36 0.84
3.38 0.84
3.38 0.71
3.39 0.71
3.39 0.56
3.41 0.56
3.41 0.45
3.21 0.45
3.21 0.44
3.05 0.44
3.05 0.42
2.91 0.42
2.91 0.51
2.9 0.51
2.9 0.65
2.88 0.65
2.88 0.78
2.87 0.78
254
3.08 6.81
3.09 6.83
3.09 6.86
3.11 6.86
3.11 6.89
3.12 6.89
3.12 6.92
3.14 6.92
3.14 6.95
3.15 6.95
3.15 6.98
3.17 6.98
3.17 7.02
3.18 7.02
3.18 7.05
3.2 7.05
3.2 7.08
3.21 7.08
3.21 7.11
3.23 7.11
3.23 7.14
3.24 7.14
3.24 7.17
3.26 7.17
3.26 7.22
3.27 7.22
3.27 7.25
3.29 7.25
3.29 7.28
3.3 7.28
3.3 7.31
3.32 7.31
3.32 7.34
3.33 7.34
3.33 7.37
3.35 7.37
3.35 7.4
3.36 7.4
3.36 7.43
3.38 7.41
3.39 7.4
3.42 7.4
3.42 7.38
3.45 7.38
3.45 7.37
3.48 7.37
3.48 7.35
3.51 7.35
3.51 7.34
3.54 7.34
3.54 7.32
3.57 7.32
3.57 7.31
3.6 7.31
3.6 7.29
3.63 7.29
3.63 7.28
3.66 7.28
3.66 7.26
3.69 7.26
3.69 7.25
3.72 7.25
3.72 7.23
3.75 7.23
3.75 7.22
3.78 7.22
3.78 7.2
3.81 7.2
3.81 7.19
3.84 7.19
3.84 7.17
3.87 7.17
3.87 7.16
3.9 7.16
3.9 7.14
3.93 7.14
3.93 7.13
3.96 7.13
3.96 7.11
3.99 7.11
3.99 7.1
4.02 7.1
4.02 7.08
4.05 7.08
4.05 7.07
4.08 7.07
4.08 7.05
4.11 7.05
4.11 7.04
4.14 7.04
4.14 7.02
4.17 7.02
4.17 7.01
4.2 7.01
4.2 6.99
4.23 6.99
4.23 6.98
4.26 6.98
4.26 6.96
4.29 6.96
4.29 6.95
4.32 6.95
4.32 6.93
4.35 6.93
4.35 6.92
4.38 6.92
4.38 6.9
4.41 6.9
4.41 6.89
4.44 6.89
4.44 6.87
4.47 6.87
4.47 6.86
4.5 6.86
4.5 6.84
4.53 6.84
4.53 6.83
4.56 6.83
4.56 6.81
4.59 6.81
4.59 6.8
4.62 6.8
4.62 6.78
4.65 6.78
4.65 6.77
4.68 6.77
4.68 6.75
4.71 6.75
4.71 6.74
4.74 6.74
4.76 6.72
4.77 6.71
4.77 6.65
4.76 6.65
4.76 6.62
4.74 6.62
4.74 6.59
4.73 6.59
4.73 6.56
4.71 6.56
4.71 6.51
4.7 6.51
4.7 6.48
4.68 6.48
4.68 6.45
4.67 6.45
4.67 6.42
4.65 6.42
4.65 6.38
4.64 6.38
4.64 6.35
4.62 6.35
4.62 6.32
4.61 6.32
4.61 6.29
4.59 6.29
4.59 6.24
4.58 6.24
4.58 6.21
4.56 6.21
4.56 6.18
4.55 6.18
4.55 6.14
4.53 6.12
4.52 6.14
4.49 6.14
4.49 6.15
4.46 6.15
4.46 6.17
4.43 6.17
4.43 6.18
4.4 6.18
4.4 6.2
4.37 6.2
4.37 6.21
4.32 6.21
4.32 6.23
4.29 6.23
4.29 6.24
4.26 6.24
4.26 6.26
4.23 6.26
4.23 6.27
4.2 6.27
4.2 6.29
4.17 6.29
4.17 6.3
4.14 6.3
4.14 6.32
4.11 6.32
4.11 6.33
4.08 6.33
4.08 6.35
4.04 6.35
4.04 6.36
4.01 6.36
4.01 6.38
3.98 6.38
3.98 6.39
3.95 6.39
3.95 6.41
3.92 6.41
3.92 6.42
3.89 6.42
3.89 6.44
3.86 6.44
3.86 6.45
3.83 6.45
3.83 6.47
3.8 6.47
3.8 6.48
3.75 6.48
3.75 6.5
3.72 6.5
3.72 6.51
3.69 6.51
3.69 6.53
3.66 6.53
3.66 6.54
3.63 6.54
3.63 6.56
3.6 6.56
3.6 6.57
3.57 6.57
3.57 6.59
3.54 6.59
3.54 6.6
3.51 6.6
3.51 6.62
3.48 6.62
3.48 6.63
3.44 6.63
3.44 6.65
3.41 6.65
3.41 6.66
3.38 6.66
3.38 6.68
3.35 6.68
3.35 6.69
3.32 6.69
3.32 6.71
3.29 6.71
3.29 6.72
3.26 6.72
3.26 6.74
3.23 6.74
3.23 6.75
3.2 6.75
3.2 6.77
3.15 6.77
3.15 6.78
3.12 6.78
3.12 6.8
3.09 6.8
52
3.38 3.51
3.39 3.51
3.39 3.59
3.41 3.59
3.41 3.65
3.42 3.65
3.42 3.71
3.44 3.71
3.44 3.78
3.45 3.78
3.45 3.83
3.47 3.83
3.47 3.89
3.48 3.9
3.53 3.9
3.53 3.89
3.6 3.89
3.6 3.87
3.68 3.87
3.68 3.86
3.75 3.86
3.75 3.84
3.83 3.84
3.83 3.83
3.9 3.83
3.9 3.81
3.96 3.81
3.98 3.8
3.98 3.77
3.96 3.77
3.96 3.63
3.95 3.63
3.95 3.54
3.93 3.54
3.93 3.47
3.92 3.47
3.92 3.38
3.9 3.38
3.9 3.35
3.89 3.33
3.83 3.33
3.83 3.35
3.75 3.35
3.75 3.36
3.65 3.36
3.65 3.38
3.56 3.38
3.56 3.39
3.45 3.39
3.45 3.41
3.39 3.41
3.38 3.42
76
3.59 4.23
3.6 4.25
3.6 4.31
3.62 4.31
3.62 4.37
3.63 4.37
3.63 4.43
3.65 4.43
3.65 4.47
3.66 4.47
3.66 4.53
3.68 4.53
3.68 4.59
3.69 4.59
3.69 4.65
3.71 4.65
3.71 4.71
3.72 4.71
3.72 4.77
3.74 4.77
3.74 4.83
3.75 4.85
3.77 4.83
3.83 4.83
3.83 4.82
3.89 4.82
3.89 4.8
3.95 4.8
3.95 4.79
4.01 4.79
4.01 4.77
4.07 4.77
4.07 4.76
4.13 4.76
4.13 4.74
4.19 4.74
4.19 4.73
4.22 4.73
4.22 4.68
4.2 4.68
4.2 4.62
4.19 4.62
4.19 4.58
4.17 4.58
4.17 4.52
4.16 4.52
4.16 4.46
4.14 4.46
4.14 4.41
4.13 4.41
4.13 4.35
4.11 4.35
4.11 4.29
4.1 4.29
4.1 4.25
4.08 4.25
4.08 4.19
4.07 4.19
4.07 4.13
4.05 4.11
4.02 4.11
4.02 4.13
3.96 4.13
3.96 4.14
3.92 4.14
3.92 4.16
3.86 4.16
3.86 4.17
3.8 4.17
3.8 4.19
3.74 4.19
3.74 4.2
3.69 4.2
3.69 4.22
3.63 4.22
3.63 4.23
76
3.8 5.1
3.81 5.12
3.81 5.18
3.83 5.18
3.83 5.24
3.84 5.24
3.84 5.3
3.86 5.3
3.86 5.34
3.87 5.34
3.87 5.4
3.89 5.4
3.89 5.46
3.9 5.46
3.9 5.52
3.92 5.52
3.92 5.58
3.93 5.58
3.93 5.64
3.95 5.64
3.95 5.7
3.96 5.72
3.98 5.7
4.04 5.7
4.04 5.69
4.1 5.69
4.1 5.67
4.16 5.67
4.16 5.66
4.22 5.66
4.22 5.64
4.28 5.64
4.28 5.63
4.34 5.63
4.34 5.61
4.4 5.61
4.4 5.6
4.43 5.6
4.43 5.55
4.41 5.55
4.41 5.49
4.4 5.49
4.4 5.45
4.38 5.45
4.38 5.39
4.37 5.39
4.37 5.33
4.35 5.33
4.35 5.28
4.34 5.28
4.34 5.22
4.32 5.22
4.32 5.16
4.31 5.16
4.31 5.12
4.29 5.12
4.29 5.06
4.28 5.06
4.28 5
4.26 4.98
4.23 4.98
4.23 5
4.17 5
4.17 5.01
4.13 5.01
4.13 5.03
4.07 5.03
4.07 5.04
4.01 5.04
4.01 5.06
3.95 5.06
3.95 5.07
3.9 5.07
3.9 5.09
3.84 5.09
3.84 5.1
22
4.8 0.74
4.82 0.74
4.82 1.13
4.83 1.13
4.83 1.62
4.85 1.62
4.85 1.67
5.19 1.67
5.19 1.65
5.34 1.65
5.34 1.22
5.33 1.22
5.33 0.83
5.31 0.83
5.31 0.62
5.19 0.62
5.19 0.6
5 0.6
5 0.59
4.83 0.59
4.83 0.57
4.8 0.57
256
5.27 2.96
5.28 2.96
5.28 3.06
5.3 3.06
5.3 3.14
5.31 3.14
5.31 3.23
5.33 3.23
5.33 3.3
5.34 3.3
5.34 3.38
5.36 3.38
5.36 3.47
5.37 3.47
5.37 3.54
5.39 3.54
5.39 3.62
5.4 3.62
5.4 3.71
5.42 3.71
5.42 3.78
5.43 3.78
5.43 3.87
5.45 3.87
5.45 3.9
5.46 3.9
5.46 3.99
5.48 3.99
5.48 4.05
5.49 4.05
5.49 4.13
5.51 4.13
5.51 4.17
5.54 4.17
5.54 4.16
5.63 4.16
5.63 4.14
5.72 4.14
5.72 4.13
5.81 4.13
5.81 4.11
5.9 4.11
5.9 4.1
5.99 4.1
5.99 4.08
6.05 4.08
6.05 4.05
6.03 4.05
6.03 3.96
6.02 3.96
6.02 3.87
6 3.87
6 3.78
5.99 3.78
5.99 3.69
5.97 3.69
5.97 3.6
5.96 3.6
5.96 3.51
5.94 3.51
5.94 3.42
5.93 3.42
5.93 3.35
6.03 3.35
6.03 3.33
6.12 3.33
6.12 3.32
6.21 3.32
6.21 3.3
6.3 3.3
6.3 3.29
6.35 3.29
6.35 3.36
6.36 3.36
6.36 3.41
6.39 3.41
6.39 3.39
6.48 3.39
6.48 3.38
6.57 3.38
6.57 3.36
6.66 3.36
6.66 3.35
6.75 3.35
6.75 3.33
6.84 3.33
6.84 3.32
6.93 3.32
6.93 3.3
6.98 3.3
6.98 3.26
6.96 3.26
6.96 3.18
7.01 3.18
7.01 3.17
7.08 3.17
7.08 3.15
7.17 3.15
7.17 3.14
7.26 3.14
7.26 3.12
7.37 3.12
7.37 3.15
7.38 3.15
7.38 3.24
7.4 3.24
7.4 3.35
7.41 3.35
7.41 3.44
7.43 3.44
7.43 3.53
7.44 3.53
7.44 3.62
7.46 3.62
7.46 3.72
7.47 3.72
7.47 3.81
7.49 3.81
7.49 3.9
7.5 3.9
7.5 3.99
7.52 3.99
7.52 4.07
7.53 4.07
7.53 4.11
7.49 4.11
7.49 4.19
7.5 4.19
7.5 4.26
7.52 4.26
7.52 4.35
7.53 4.35
7.53 4.43
7.55 4.43
7.55 4.52
7.56 4.52
7.56 4.61
7.58 4.61
7.58 4.68
7.59 4.68
7.59 4.77
7.61 4.77
7.61 4.82
7.62 4.8
7.71 4.8
7.71 4.79
7.82 4.79
7.82 4.77
7.91 4.77
7.91 4.76
8 4.76
8 4.74
8.1 4.74
8.1 4.73
8.16 4.73
8.16 4.64
8.15 4.64
8.15 4.53
8.13 4.53
8.13 4.44
8.12 4.44
8.12 4.34
8.1 4.34
8.1 4.25
8.09 4.25
8.09 4.16
8.07 4.16
8.07 4.07
8.06 4.07
8.06 3.96
8.04 3.96
8.04 3.87
8.03 3.87
8.03 3.77
8.01 3.77
8.01 3.68
8 3.68
8 3.59
7.98 3.59
7.98 3.5
7.97 3.5
7.97 3.39
7.95 3.39
7.95 3.3
7.94 3.3
7.94 3.2
7.92 3.2
7.92 3.11
7.91 3.11
7.91 3
7.89 3
7.89 2.91
7.88 2.91
7.88 2.82
7.86 2.82
7.86 2.73
7.85 2.73
7.85 2.63
7.83 2.63
7.83 2.54
7.82 2.54
7.82 2.51
7.8 2.52
7.71 2.52
7.71 2.54
7.61 2.54
7.61 2.55
7.52 2.55
7.52 2.57
7.43 2.57
7.43 2.58
7.32 2.58
7.32 2.6
7.23 2.6
7.23 2.61
7.14 2.61
7.14 2.63
7.04 2.63
7.04 2.64
6.95 2.64
6.95 2.66
6.84 2.66
6.84 2.67
6.75 2.67
6.75 2.69
6.66 2.69
6.66 2.7
6.56 2.7
6.56 2.72
6.47 2.72
6.47 2.73
6.38 2.73
6.38 2.75
6.29 2.75
6.29 2.76
6.18 2.76
6.18 2.78
6.09 2.78
6.09 2.79
5.99 2.79
5.99 2.81
5.9 2.81
5.9 2.82
5.79 2.82
5.79 2.84
5.72 2.84
5.72 2.85
5.61 2.85
5.61 2.87
5.52 2.87
5.52 2.88
5.42 2.88
5.42 2.9
5.33 2.9
5.33 2.91
5.27 2.91
67
6.6 1.98
6.62 1.98
6.62 2.1
6.63 2.1
6.63 2.22
6.65 2.22
6.65 2.34
6.66 2.34
6.66 2.46
6.68 2.46
6.68 2.52
6.75 2.52
6.75 2.51
6.84 2.51
6.84 2.49
6.95 2.49
6.95 2.48
7.04 2.48
7.04 2.46
7.14 2.46
7.14 2.45
7.23 2.45
7.23 2.43
7.34 2.43
7.34 2.42
7.41 2.42
7.41 2.4
7.53 2.4
7.53 2.39
7.61 2.39
7.61 2.37
7.71 2.37
7.71 2.36
7.8 2.36
7.8 2.34
7.86 2.34
7.86 2.24
7.85 2.24
7.85 1.98
7.83 1.98
7.83 1.73
7.82 1.71
7.77 1.71
7.77 1.73
7.67 1.73
7.67 1.74
7.56 1.74
7.56 1.76
7.47 1.76
7.47 1.77
7.37 1.77
7.37 1.79
7.26 1.79
7.26 1.8
7.16 1.8
7.16 1.82
7.05 1.82
7.05 1.83
6.95 1.83
6.95 1.85
6.86 1.85
6.86 1.86
6.75 1.86
6.75 1.88
6.65 1.88
6.65 1.89
6.6 1.89
34
7.19 1.16
7.2 1.17
7.22 1.19
7.25 1.19
7.25 1.2
7.29 1.2
7.29 1.22
7.37 1.22
7.37 1.23
7.56 1.23
7.56 1.22
7.67 1.22
7.67 1.35
7.68 1.37
7.85 1.37
7.86 1.35
7.86 1.14
7.88 1.14
7.88 0.92
7.86 0.9
7.68 0.9
7.67 0.92
7.67 1.05
7.58 1.05
7.58 1.04
7.35 1.04
7.35 1.05
7.28 1.05
7.28 1.07
7.25 1.07
7.25 1.08
7.22 1.08
7.2 1.1
7.19 1.11
